Attreyee_Story1En	0.725098	0.541992	0.593262	0.615234	0.911865	0.739746	
Attreyee_Story1Bg	0.853271	1.029053	0.977783	1.029053	0.831299	0.842285	
Attreyee_Story2En	0.644531	1.127930	1.076660	1.201172	0.856934	0.725098	
Attreyee_Story2Bg	0.988770	0.911865	0.919189	1.007080	0.856934	0.948486	
Attreyee_Story3En	0.823975	0.703125	0.714111	0.750732	0.853271	0.875244	
Attreyee_Story3Bg	0.895386	1.164551	1.076660	1.195679	0.827637	0.677490	
Attreyee_Story4En	0.761719	1.058350	0.948486	1.010742	0.838623	0.732422	
Attreyee_Story4Bg	0.889893	1.168213	1.131592	1.186523	0.860596	0.769043	
Attreyee_Story5En	0.688477	0.787354	0.769043	0.792847	0.765381	0.761719	
Attreyee_Story5Bg	0.811157	1.116943	1.093140	1.195679	0.811157	0.712280	
---------------------------------------------------
Prasanta_Story1En	0.651855	0.820312	0.600586	0.626221	0.794678	0.688477	
Prasanta_Story1Bg	0.911865	1.072998	0.823975	0.889893	0.714111	0.908203	
Prasanta_Story2En	0.805664	1.062012	0.677490	0.677490	0.728760	0.831299	
Prasanta_Story2Bg	0.867920	0.681152	0.421143	0.406494	0.845947	0.867920	
Prasanta_Story3En	0.831299	0.948486	0.677490	0.644531	0.725098	0.860596	
Prasanta_Story3Bg	1.083984	0.838623	0.549316	0.545654	0.831299	1.113281	
Prasanta_Story4En	0.593262	0.974121	0.651855	0.615234	0.699463	0.593262	
Prasanta_Story4Bg	0.889893	0.725098	0.578613	0.585938	0.776367	0.919189	
Prasanta_Story5En	0.703125	1.175537	0.798340	0.789185	0.823975	0.690308	
Prasanta_Story5Bg	1.080322	1.029053	0.827637	0.827637	0.772705	1.146240	
---------------------------------------------------
Samik_Story1En	0.212402	0.498047	0.347900	0.380859	0.479736	0.164795	
Samik_Story1Bg	0.327759	0.600586	0.441284	0.485229	0.468750	0.338745	
Samik_Story2En	0.227051	0.472412	0.421143	0.443115	0.417480	0.205078	
Samik_Story2Bg	0.292969	0.717773	0.487061	0.541992	0.498047	0.205078	
Samik_Story3Bg	0.386353	0.635376	0.474243	0.529175	0.435791	0.353394	
Samik_Story4En	0.223389	0.618896	0.457764	0.498047	0.406494	0.119019	
Samik_Story4Bg	0.177612	0.490723	0.395508	0.459595	0.316772	0.109863	
Samik_Story5En	0.181274	0.499878	0.369873	0.426636	0.417480	0.091553	
Samik_Story5Bg	0.391846	0.531006	0.450439	0.477905	0.514526	0.331421	
Samik_Story3En	0.509033	0.677490	0.571289	0.629883	0.607910	0.578613	
---------------------------------------------------
Tanaya_Story1En	0.450439	0.908203	0.856934	0.831299	0.648193	0.278320	
Tanaya_Story1Bg	0.413818	1.234131	1.087646	1.062012	0.549316	0.318604	
Tanaya_Story2En	0.556641	0.941162	0.853271	0.849609	0.637207	0.578613	
Tanaya_Story2Bg	0.230713	0.999756	0.853271	0.831299	0.428467	0.252686	
Tanaya_Story3En	0.648193	0.856934	0.717773	0.717773	0.714111	0.666504	
Tanaya_Story3Bg	0.205078	1.157227	0.988770	0.897217	0.673828	0.175781	
Tanaya_Story4En	0.574951	0.673828	0.552979	0.523682	0.567627	0.472412	
Tanaya_Story4Bg	0.311279	0.999756	0.860596	0.794678	0.505371	0.311279	
Tanaya_Story5En	0.417480	0.941162	0.856934	0.911865	0.666504	0.402832	
Tanaya_Story5Bg	0.322266	0.882568	0.607910	0.593262	0.538330	0.270996	
---------------------------------------------------
Gaurav_Story1En	0.593262	0.688477	0.589600	0.589600	0.417480	0.593262	
Gaurav_Story1Hn	0.556641	0.536499	0.536499	0.606079	0.401001	0.595093	
Gaurav_Story2En	0.534668	0.637207	0.509033	0.512695	0.538330	0.538330	
Gaurav_Story2Hn	0.591431	0.620728	0.560303	0.585938	0.488892	0.611572	
Gaurav_Story3En	0.591431	0.650024	0.509033	0.501709	0.589600	0.591431	
Gaurav_Story3Hn	0.496216	0.814819	0.591431	0.595093	0.514526	0.492554	
Gaurav_Story4En	0.587769	0.688477	0.448608	0.481567	0.481567	0.602417	
Gaurav_Story4Hn	0.501709	0.802002	0.531006	0.584106	0.404663	0.518188	
Gaurav_Story5En	0.311279	0.607910	0.496216	0.545654	0.483398	0.261841	
Gaurav_Story5Hn	0.477905	0.758057	0.584106	0.631714	0.419312	0.512695	
---------------------------------------------------
Paridhi_Story1En	0.095215	0.457764	0.516357	0.531006	0.648193	0.054932	
Paridhi_Story1Hn	0.080566	0.369873	0.556641	0.571289	0.732422	0.051270	
Paridhi_Story2En	0.131836	0.311279	0.457764	0.472412	0.527344	0.113525	
Paridhi_Story2Hn	0.179443	0.446777	0.509033	0.523682	0.655518	0.267334	
Paridhi_Story3En	0.358887	0.421143	0.516357	0.531006	0.662842	0.461426	
Paridhi_Story3Hn	0.303955	0.604248	0.651855	0.659180	0.611572	0.318604	
Paridhi_Story4En	0.417480	0.531006	0.607910	0.640869	0.754395	0.479736	
Paridhi_Story4Hn	0.223389	0.596924	0.637207	0.637207	0.593262	0.254517	
Paridhi_Story5En	0.450439	0.523682	0.552979	0.563965	0.688477	0.545654	
Paridhi_Story5Hn	0.362549	0.505371	0.501709	0.501709	0.571289	0.369873	
---------------------------------------------------
Salma_Story1En	0.344238	0.666504	0.483398	0.487061	0.900879	0.351562	
Salma_Story1Hn	0.402832	0.479736	0.490723	0.490723	0.732422	0.402832	
Salma_Story2En	0.267334	0.626221	0.472412	0.527344	0.739746	0.194092	
Salma_Story2Hn	0.336914	0.549316	0.545654	0.552979	0.871582	0.311279	
Salma_Story3En	0.080566	0.476074	0.501709	0.509033	0.578613	0.073242	
Salma_Story3Hn	0.267334	0.710449	0.439453	0.435791	0.673828	0.249023	
Salma_Story4En	0.355225	0.490723	0.490723	0.435791	0.615234	0.347900	
Salma_Story4Hn	0.183105	0.609741	0.514526	0.510864	0.584106	0.142822	
Salma_Story5En	0.064087	0.536499	0.525513	0.545654	0.642700	0.058594	
Salma_Story5Hn	0.122681	0.422974	0.358887	0.379028	0.481567	0.109863	
---------------------------------------------------
Sanjeev_Story1Hn	0.501709	0.803833	0.512695	0.487061	0.351562	0.454102	
Sanjeev_Story1En	0.347900	1.043701	0.671997	0.690308	0.510864	0.292969	
Sanjeev_Story2Hn	0.238037	0.867920	0.384521	0.364380	0.565796	0.210571	
Sanjeev_Story2En	0.461426	0.653687	0.648193	0.653687	0.578613	0.382690	
Sanjeev_Story3Hn	0.194092	0.556641	0.342407	0.346069	0.516357	0.159302	
Sanjeev_Story3En	0.472412	0.607910	0.470581	0.474243	0.606079	0.406494	
Sanjeev_Story4En	0.060425	0.509033	0.360718	0.411987	0.232544	0.053101	
Sanjeev_Story4Hn	0.033875	0.500793	0.191345	0.221558	0.371704	0.027466	
Sanjeev_Story5En	0.192261	0.580444	0.432129	0.411987	0.401001	0.139160	
Sanjeev_Story5Hn	0.064087	0.537415	0.293884	0.336914	0.454102	0.053101	
---------------------------------------------------
Kausthubha_Story1En	0.529175	0.873413	0.734253	0.776367	0.470581	0.565796	
Kausthubha_Story1Kn	0.507202	0.816650	0.666504	0.717773	0.379028	0.545654	
Kausthubha_Story2En	0.496216	0.483398	0.558472	0.598755	0.377197	0.532837	
Kausthubha_Story2Kn	0.355225	0.613403	0.622559	0.631714	0.322266	0.368042	
Kausthubha_Story3En	0.318604	0.521851	0.525513	0.498047	0.346069	0.318604	
Kausthubha_Story3Kn	0.322266	0.483398	0.477905	0.477905	0.333252	0.322266	
Kausthubha_Story4En	0.483398	0.477905	0.624390	0.628052	0.349731	0.523682	
Kausthubha_Story4Kn	0.468750	0.439453	0.560303	0.560303	0.355225	0.494385	
Kausthubha_Story5En	0.435791	0.534668	0.666504	0.681152	0.410156	0.454102	
Kausthubha_Story5Kn	0.413818	0.578613	0.593262	0.593262	0.406494	0.413818	
---------------------------------------------------
Mekhala_Story1En	0.358887	0.600586	0.512695	0.490723	0.607910	0.366211	
Mekhala_Story1Kn	0.303955	0.600586	0.648193	0.633545	0.369873	0.285645	
Mekhala_Story2En	0.695801	0.593262	0.637207	0.644531	0.585938	0.703125	
Mekhala_Story2Kn	0.725098	0.351562	0.454102	0.446777	0.629883	0.659180	
Mekhala_Story3En	0.607910	0.556641	0.424805	0.468750	0.629883	0.673828	
Mekhala_Story3Kn	0.538330	0.563965	0.340576	0.311279	0.574951	0.501709	
Mekhala_Story4En	0.498047	0.131836	0.241699	0.234375	0.476074	0.468750	
Mekhala_Story4Kn	0.446777	0.454102	0.443115	0.428467	0.626221	0.457764	
Mekhala_Story5En	0.593262	0.402832	0.351562	0.351562	0.600586	0.534668	
Mekhala_Story5Kn	0.498047	0.314941	0.278320	0.249023	0.615234	0.476074	
---------------------------------------------------
PavanIn_Story1En	0.618896	0.432129	0.661011	0.618896	0.538330	0.615234	
PavanIn_Story1Kn	0.455933	0.505371	0.455933	0.459595	0.509033	0.446777	
PavanIn_Story2En	0.391846	0.677490	0.534668	0.468750	0.479736	0.355225	
PavanIn_Story2Kn	0.523682	0.637207	0.582275	0.567627	0.629883	0.465088	
PavanIn_Story3En	0.450439	0.629883	0.629883	0.600586	0.673828	0.417480	
PavanIn_Story3Kn	0.281982	0.509033	0.476074	0.461426	0.426636	0.263672	
PavanIn_Story4En	0.300293	0.758057	0.758057	0.758057	0.567627	0.289307	
PavanIn_Story4Kn	0.406494	0.681152	0.639038	0.598755	0.596924	0.355225	
PavanIn_Story5En	0.490723	0.640869	0.604248	0.549316	0.552979	0.479736	
PavanIn_Story5Kn	0.463257	0.569458	0.538330	0.556641	0.395508	0.459595	
---------------------------------------------------
Akshara_Story1En	0.743408	1.157227	0.739746	0.831299	1.087646	0.783691	
Akshara_Story1Ml	0.476074	1.131592	0.798340	0.882568	1.135254	0.476074	
Akshara_Story2En	0.340576	0.853271	0.329590	0.377197	0.944824	0.446777	
Akshara_Story2Ml	0.600586	1.289062	0.670166	0.849609	1.010742	0.567627	
Akshara_Story3En	0.618896	0.996094	0.428467	0.476074	1.087646	0.618896	
Akshara_Story3Ml	0.699463	0.864258	0.468750	0.512695	1.153564	0.747070	
Akshara_Story4En	0.552979	1.300049	0.563965	0.670166	0.977783	0.538330	
Akshara_Story4Ml	0.787354	0.988770	0.560303	0.604248	1.113281	0.802002	
Akshara_Story5En	0.589600	1.312866	0.531006	0.631714	1.105957	0.558472	
Akshara_Story5Ml	0.783691	1.047363	0.552979	0.600586	1.212158	0.809326	
---------------------------------------------------
Anand_Story1En	0.344238	0.314941	0.424805	0.424805	0.336914	0.336914	
Anand_Story1Ml	0.413818	0.292969	0.227051	0.249023	0.267334	0.413818	
Anand_Story2En	0.139160	0.263672	0.322266	0.318604	0.340576	0.139160	
Anand_Story2Ml	0.164795	0.322266	0.399170	0.406494	0.388184	0.197754	
Anand_Story3En	0.329590	0.402832	0.443115	0.461426	0.505371	0.366211	
Anand_Story3Ml	0.413818	0.410156	0.402832	0.424805	0.443115	0.428467	
Anand_Story4En	0.117188	0.476074	0.340576	0.340576	0.311279	0.124512	
Anand_Story4Ml	0.915527	0.516357	0.706787	0.468750	0.318604	0.648193	
Anand_Story5En	0.245361	0.285645	0.278320	0.278320	0.490723	0.270996	
Anand_Story5Ml	0.263672	0.358887	0.300293	0.281982	0.201416	0.249023	
---------------------------------------------------
Karthik_Story1En	0.706787	1.267090	1.201172	1.259766	0.758057	0.684814	
Karthik_Story1Ml	0.600586	1.556396	1.259766	1.413574	0.607910	0.600586	
Karthik_Story2En	0.512695	1.369629	1.201172	1.278076	0.552979	0.501709	
Karthik_Story2Ml	0.476074	1.699219	1.512451	1.560059	0.501709	0.439453	
Karthik_Story3En	0.468750	1.256104	1.131592	1.197510	0.633545	0.384521	
Karthik_Story3Ml	0.384521	1.453857	1.221313	1.278076	0.541992	0.320435	
Karthik_Story4En	0.454102	1.292725	1.133423	1.148071	0.483398	0.391846	
Karthik_Story4Ml	0.512695	1.409912	1.014404	1.043701	0.512695	0.421143	
Karthik_Story5En	0.538330	1.398926	1.186523	1.237793	0.545654	0.439453	
Karthik_Story5Ml	0.560303	1.329346	1.109619	1.153564	0.509033	0.366211	
---------------------------------------------------
Nazreen_Story1En	0.739746	0.941162	0.739746	0.736084	0.864258	0.296631	
Nazreen_Story1Ml	0.532837	0.992432	0.721436	0.692139	0.803833	0.448608	
Nazreen_Story2En	0.747070	1.190186	0.897217	0.882568	0.670166	0.578613	
Nazreen_Story2Ml	0.695801	0.915527	0.681152	0.673828	0.527344	0.479736	
Nazreen_Story3En	0.748901	1.087646	0.796509	0.794678	0.902710	0.472412	
Nazreen_Story3Ml	0.878906	1.087646	0.758057	0.765381	0.844116	0.666504	
Nazreen_Story4En	0.963135	1.122437	0.966797	0.906372	0.761719	1.505127	
Nazreen_Story4Ml	0.858765	1.199341	0.803833	0.811157	0.763550	0.787354	
Nazreen_Story5En	0.439453	0.844116	0.693970	0.728760	0.640869	0.368042	
Nazreen_Story5Ml	0.699463	1.005249	0.838623	0.867920	0.873413	0.527344	
---------------------------------------------------
Ashwini_Story1En	0.479736	0.618896	0.651855	0.655518	0.516357	0.424805	
Ashwini_Story1Tm	0.413818	0.721436	0.769043	0.783691	0.443115	0.399170	
Ashwini_Story2En	0.607910	0.856934	0.963135	0.886230	0.596924	0.487061	
Ashwini_Story2Tm	0.509033	0.783691	0.615234	0.684814	0.552979	0.512695	
Ashwini_Story3En	0.424805	0.827637	0.772705	0.886230	0.534668	0.435791	
Ashwini_Story3Tm	0.267334	0.699463	0.560303	0.589600	0.461426	0.267334	
Ashwini_Story4En	0.457764	0.681152	0.637207	0.655518	0.443115	0.454102	
Ashwini_Story4Tm	0.366211	0.728760	0.578613	0.593262	0.454102	0.406494	
Ashwini_Story5En	0.812988	1.223145	0.966797	0.871582	0.461426	0.527344	
Ashwini_Story5Tm	0.270996	0.736084	0.545654	0.552979	0.505371	0.281982	
---------------------------------------------------
Nisha_Story1En	0.410156	0.703125	0.677490	0.703125	0.538330	0.380859	
Nisha_Story1Tm	0.362549	0.558472	0.558472	0.540161	0.499878	0.353394	
Nisha_Story2En	0.358887	0.791016	0.791016	0.758057	0.413818	0.322266	
Nisha_Story2Tm	0.245361	1.032715	0.692139	0.761719	0.443115	0.245361	
Nisha_Story3En	0.267334	1.014404	0.915527	0.922852	0.567627	0.252686	
Nisha_Story3Tm	0.267334	0.827637	0.552979	0.560303	0.520020	0.245361	
Nisha_Story4En	0.446777	0.919189	0.692139	0.739746	0.439453	0.432129	
Nisha_Story4Tm	0.618896	0.710449	0.563965	0.596924	0.596924	0.618896	
Nisha_Story5En	0.300293	1.102295	0.754395	0.787354	0.527344	0.296631	
Nisha_Story5Tm	0.252686	0.809326	0.662842	0.679321	0.428467	0.221558	
---------------------------------------------------
Vaidhya_Story1En	0.362549	0.391846	0.355225	0.362549	0.410156	0.406494	
Vaidhya_Story1Tm	0.443115	0.380859	0.369873	0.362549	0.307617	0.509033	
Vaidhya_Story2En	0.600586	0.556641	0.439453	0.454102	0.549316	0.673828	
Vaidhya_Story2Tm	0.468750	0.527344	0.446777	0.454102	0.402832	0.534668	
Vaidhya_Story3En	0.560303	0.476074	0.388184	0.410156	0.589600	0.567627	
Vaidhya_Story3Tm	0.443115	0.333252	0.325928	0.322266	0.325928	0.552979	
Vaidhya_Story4En	0.534668	0.362549	0.336914	0.340576	0.585938	0.512695	
Vaidhya_Story4Tm	0.494385	0.465088	0.384521	0.384521	0.509033	0.523682	
Vaidhya_Story5En	0.457764	0.380859	0.366211	0.380859	0.410156	0.534668	
Vaidhya_Story5Tm	0.498047	0.336914	0.395508	0.432129	0.417480	0.505371	
---------------------------------------------------
Valliappam_Story1En	0.208740	0.322266	0.281982	0.281982	0.355225	0.205078	
Valliappam_Story1Tm	0.281982	0.523682	0.552979	0.582275	0.362549	0.263672	
Valliappam_Story2En	0.311279	0.336914	0.318604	0.318604	0.322266	0.322266	
Valliappam_Story2Tm	0.197754	0.234375	0.205078	0.201416	0.373535	0.179443	
Valliappam_Story3En	0.274658	0.413818	0.424805	0.428467	0.373535	0.245361	
Valliappam_Story3Tm	0.234375	0.380859	0.314941	0.318604	0.300293	0.223389	
Valliappam_Story4En	0.219727	0.461426	0.216064	0.238037	0.252686	0.234375	
Valliappam_Story4Tm	0.256348	0.421143	0.391846	0.406494	0.322266	0.252686	
Valliappam_Story5En	0.238037	0.318604	0.388184	0.388184	0.292969	0.230713	
Valliappam_Story5Tm	0.278320	0.351562	0.351562	0.351562	0.263672	0.270996	
---------------------------------------------------
Anusha_Story1En	0.377197	1.329346	0.333252	0.651855	0.673828	0.120850	
Anusha_Story1Tg	0.340576	1.241455	0.344238	0.618896	0.534668	0.113525	
Anusha_Story2En	0.212402	1.226807	0.655518	1.018066	0.640869	0.106201	
Anusha_Story2Tg	0.245361	1.003418	0.443115	0.611572	0.574951	0.124512	
Anusha_Story3En	0.457764	1.032715	0.439453	0.626221	0.684814	0.296631	
Anusha_Story3Tg	0.476074	1.094971	0.483398	0.688477	0.659180	0.399170	
Anusha_Story4En	0.516357	1.223145	0.329590	0.578613	0.596924	0.289307	
Anusha_Story4Tg	0.635376	1.179199	0.379028	0.648193	0.730591	0.413818	
Anusha_Story5En	0.373535	1.038208	0.366211	0.428467	0.618896	0.210571	
Anusha_Story5Tg	0.512695	1.162720	0.461426	0.607910	0.571289	0.307617	
---------------------------------------------------
Aravind_Story1En	0.238037	0.446777	0.421143	0.424805	0.150146	0.245361	
Aravind_Story1Tg	0.344238	0.355225	0.457764	0.457764	0.212402	0.439453	
Aravind_Story2En	0.095215	0.322266	0.450439	0.512695	0.113525	0.113525	
Aravind_Story2Tg	0.655518	1.278076	0.827637	0.853271	0.227051	0.450439	
Aravind_Story3En	0.227051	0.384521	0.446777	0.439453	0.289307	0.219727	
Aravind_Story3Tg	0.120850	0.582275	0.578613	0.593262	0.124512	0.120850	
Aravind_Story4En	0.234375	0.494385	0.600586	0.633545	0.410156	0.201416	
Aravind_Story4Tg	0.424805	0.637207	0.816650	31.494141	0.417480	1.750488	
Aravind_Story5En	0.234375	0.476074	0.538330	0.541992	0.358887	0.252686	
Aravind_Story5Tg	0.208740	0.435791	0.538330	0.622559	0.267334	0.201416	
---------------------------------------------------
Nithin_Story1En	0.681152	1.475830	1.043701	1.102295	0.769043	0.655518	
Nithin_Story1Tg	0.706787	1.490479	1.175537	1.256104	0.706787	0.666504	
Nithin_Story2En	0.567627	0.692139	0.783691	0.765381	0.710449	0.545654	
Nithin_Story2Tg	0.300293	1.131592	0.842285	0.864258	0.629883	0.208740	
Nithin_Story3En	0.457764	0.823975	0.699463	0.703125	0.516357	0.457764	
Nithin_Story3Tg	0.494385	0.800171	0.668335	0.628052	0.543823	0.474243	
Nithin_Story4En	0.410156	0.648193	0.780029	0.789185	0.549316	0.393677	
Nithin_Story4Tg	0.615234	1.010742	0.747070	0.772705	0.633545	0.607910	
Nithin_Story5En	0.558472	0.452271	0.937500	0.485229	0.525513	0.496216	
Nithin_Story5Tg	0.424805	0.443115	0.563965	0.536499	0.472412	0.421143	
---------------------------------------------------
Sushila_Story1En	0.596924	1.138916	0.721436	0.802002	0.769043	0.523682	
Sushila_Story1Tg	0.523682	1.065674	0.509033	0.673828	0.754395	0.410156	
Sushila_Story2En	0.509033	1.168213	0.505371	0.637207	0.465088	0.432129	
Sushila_Story2Tg	0.413818	1.431885	0.336914	0.644531	0.472412	0.406494	
Sushila_Story3En	0.520020	0.904541	0.476074	0.618896	0.509033	0.516357	
Sushila_Story3Tg	0.457764	0.970459	0.388184	0.476074	0.395508	0.457764	
Sushila_Story4En	0.514526	0.856934	0.410156	0.589600	0.465088	0.525513	
Sushila_Story4Tg	0.479736	1.104126	0.448608	0.565796	0.390015	0.472412	
Sushila_Story5En	0.479736	0.952148	0.532837	0.668335	0.419312	0.488892	
Sushila_Story5Tg	0.454102	0.981445	0.408325	0.531006	0.580444	0.444946	
---------------------------------------------------
